1320220102010001
1320220102010002
1320220102010003
1320220102010004
1320220102010005
1320220102010006
1320220102010007
1320220102010008
1320220102010009
1320220102010010
1320220102010011
1320220102010012
1320220102020001
1320220102020002
1320220102020003
1320220102020004
1320220102020005
1320220102020006
1320220102020007
1320220102020008
1320220102020009
1320220102020010
1320220102020011
1320220102020012
1320220102030001
1320220102030002
1320220102030003
1320220102030004
1320220102030005
1320220102030006
1320220102030007
1320220102030008
1320220102030009
1320220102030010
1320220102030011
1320220102030012
2220220101010001
2220220101010002
2220220101010003
2220220101010004
2220220101010005
2220220101010006
2220220101010007
2220220101010008
2220220101010009
2220220101010010
2220220101010011
2220220101010012
2220220101020001
2220220101020002
2220220101020003
2220220101020004
2220220101020005
2220220101020006
2220220101020007
2220220101020008
2220220101020009
2220220101020010
2220220101020011
2220220101020012
2220220101030001
2220220101030002
2220220101030003
2220220101030004
2220220101030005
2220220101030006
2220220101030007
2220220101030008
2220220101030009
2220220101030010
2220220101030011
2220220101030012
2220220111010001
2220220111010002
2220220111010003
2220220111010004
2220220111010005
2220220111010006
2220220111010007
2220220111010008
2220220111010009
2220220111020001
2220220111020002
2220220111020003
2220220111020004
2220220111020005
2220220111020006
2220220111020007
2220220111020008
2220220111020009
2220220111030001
2220220111030002
2220220111030003
2220220111030004
2220220111030005
2220220111030006
2220220111030007
2220220111030008
2220220111030009
2220220119010001
2220220119010002
2220220119010003
2220220119010004
2220220119010005
2220220119010006
2220220119010007
2220220119010008
2220220119010009
2220220119010010
2220220119010011
2220220119010012
2220220130010001
2220220130010002
2220220130010003
2220220130010004
2220220130010005
2220220130010006
2220220130010007
2220220130010008
2220220130010009
2220220130020001
2220220130020002
2220220130020003
2220220130020004
2220220130020005
2220220130020006
2220220130020007
2220220130020008
2220220130020009
2220220130030001
2220220130030002
2220220130030003
2220220130030004
2220220130030005
2220220130030006
2220220130030007
2220220130030008
2220220130030009
2220220204010001
2220220204010002
2220220204010003
2220220204010004
2220220204010005
2220220204010006
2220220204010007
2220220204010008
2220220204010009
2220220204010010
2220220204010011
2220220204010012
2320220110010001
2320220110010002
2320220110010003
2320220110010004
2320220110010005
2320220110010006
2320220110010007
2320220110010008
2320220110010009
2320220110010010
2320220110010011
2320220110010012
2320220110020001
2320220110020002
2320220110020003
2320220110020004
2320220110020005
2320220110020006
2320220110020007
2320220110020008
2320220110020009
2320220110020010
2320220110020011
2320220110020012
2320220110030001
2320220110030002
2320220110030003
2320220110030004
2320220110030005
2320220110030006
2320220110030007
2320220110030008
2320220110030009
2320220110030010
2320220110030011
2320220110030012
2320220131010001
2320220131010002
2320220131010003
2320220131010004
2320220131010005
2320220131010006
2320220131010007
2320220131010008
2320220131010009
2320220131010010
2320220131010011
2320220131010012
2320220131020001
2320220131020002
2320220131020003
2320220131020004
2320220131020005
2320220131020006
2320220131020007
2320220131020008
2320220131020009
2320220131020010
2320220131020011
2320220131020012
2320220131030001
2320220131030002
2320220131030003
2320220131030004
2320220131030005
2320220131030006
2320220131030007
2320220131030008
2320220131030009
2320220131030010
2320220131030011
2320220131030012
2420220101010001
2420220101010002
2420220101010003
2420220101010004
2420220101010005
2420220101010006
2420220101010007
2420220101010008
2420220101010009
2420220101010010
2420220101010011
2420220101010012
2420220101020001
2420220101020002
2420220101020003
2420220101020004
2420220101020005
2420220101020006
2420220101020007
2420220101020008
2420220101020009
2420220101020010
2420220101020011
2420220101020012
2420220101030001
2420220101030002
2420220101030003
2420220101030004
2420220101030005
2420220101030006
2420220101030007
2420220101030008
2420220101030009
2420220101030010
2420220101030011
2420220101030012
2420220123010001
2420220123010002
2420220123010003
2420220123010004
2420220123010005
2420220123010006
2420220123010007
2420220123010008
2420220123010009
2420220123010010
2420220123010011
2420220123010012
2420220123020001
2420220123020002
2420220123020003
2420220123020004
2420220123020005
2420220123020006
2420220123020007
2420220123020008
2420220123020009
2420220123020010
2420220123020011
2420220123020012
2420220123030001
2420220123030002
2420220123030003
2420220123030004
2420220123030005
2420220123030006
2420220123030007
2420220123030008
2420220123030009
2420220123030010
2420220123030011
2420220123030012
2520220115010001
2520220115010002
2520220115010003
2520220115010004
2520220115010005
2520220115010006
2520220115010007
2520220115010008
2520220115010009
2520220115010010
2520220115010011
2520220115010012
2520220115020001
2520220115020002
2520220115020003
2520220115020004
2520220115020005
2520220115020006
2520220115020007
2520220115020008
2520220115020009
2520220115020010
2520220115020011
2520220115020012
2520220115030001
2520220115030002
2520220115030003
2520220115030004
2520220115030005
2520220115030006
2520220115030007
2520220115030008
2520220115030009
2520220115030010
2520220115030011
2520220115030012
2520220115040001
2520220115040002
2520220115040003
2520220115040004
2520220115040005
2520220115040006
2520220115040007
2520220115040008
2520220115040009
2520220115040010
2520220115040011
2520220115040012
2520220131010001
2520220131010002
2520220131010003
2520220131010004
2520220131010005
2520220131010006
2520220131010007
2520220131010008
2520220131010009
2520220131010010
2520220131010011
2520220131010012
2520220131020001
2520220131020002
2520220131020003
2520220131020004
2520220131020005
2520220131020006
2520220131020007
2520220131020008
2520220131020009
2520220131020010
2520220131020011
2520220131020012
2520220131030001
2520220131030002
2520220131030003
2520220131030004
2520220131030005
2520220131030006
2520220131030007
2520220131030008
2520220131030009
2520220131030010
2520220131030011
2520220131030012
2620220107010001
2620220107010002
2620220107010003
2620220107010004
2620220107010005
2620220107010006
2620220107010007
2620220107010008
2620220107010009
2620220107020001
2620220107020002
2620220107020003
2620220107020004
2620220107020005
2620220107020006
2620220107020007
2620220107020008
2620220107020009
2620220107030001
2620220107030002
2620220107030003
2620220107030004
2620220107030005
2620220107030006
2620220107030007
2620220107030008
2620220107030009
2620220124010001
2620220124010002
2620220124010003
2620220124010004
2620220124010005
2620220124010006
2620220124010007
2620220124010008
2620220124010009
2620220124020001
2620220124020002
2620220124020003
2620220124020004
2620220124020005
2620220124020006
2620220124020007
2620220124020008
2620220124020009
2620220124030001
2620220124030002
2620220124030003
2620220124030004
2620220124030005
2620220124030006
2620220124030007
2620220124030008
2620220124030009
2720220110010001
2720220110010002
2720220110010003
2720220110010004
2720220110010005
2720220110010006
2720220110010007
2720220110010008
2720220110010009
2720220110010010
2720220110010011
2720220110010012
2720220110020001
2720220110020002
2720220110020003
2720220110020004
2720220110020005
2720220110020006
2720220110020007
2720220110020008
2720220110020009
2720220110020010
2720220110020011
2720220110020012
2720220110030001
2720220110030002
2720220110030003
2720220110030004
2720220110030005
2720220110030006
2720220110030007
2720220110030008
2720220110030009
2720220110030010
2720220110030011
2720220110030012
2820220104010001
2820220104010002
2820220104010003
2820220104010004
2820220104010005
2820220104010006
2820220104010007
2820220104010008
2820220104010009
2820220104010010
2820220104010011
2820220104010012
2820220104020001
2820220104020002
2820220104020003
2820220104020004
2820220104020005
2820220104020006
2820220104020007
2820220104020008
2820220104020009
2820220104020010
2820220104020011
2820220104020012
2820220104030001
2820220104030002
2820220104030003
2820220104030004
2820220104030005
2820220104030006
2820220104030007
2820220104030008
2820220104030009
2820220104030010
2820220104030011
2820220104030012
2820220104040001
2820220104040002
2820220104040003
2820220104040004
2820220104040005
2820220104040006
2820220104040007
2820220104040008
2820220104040009
2820220104040010
2820220104040011
2820220104040012
2820220127010001
2820220127010002
2820220127010003
2820220127010004
2820220127010005
2820220127010006
2820220127010007
2820220127010008
2820220127010009
2820220127010010
2820220127010011
2820220127010012
2820220127020001
2820220127020002
2820220127020003
2820220127020004
2820220127020005
2820220127020006
2820220127020007
2820220127020008
2820220127020009
2820220127020010
2820220127020011
2820220127020012
2820220127030001
2820220127030002
2820220127030003
2820220127030004
2820220127030005
2820220127030006
2820220127030007
2820220127030008
2820220127030009
2820220127030010
2820220127030011
2820220127030012
3120220120010001
3120220120010002
3120220120010003
3120220120010004
3120220120010005
3120220120010006
3120220120010007
3120220120020001
3120220120020002
3120220120020003
3120220120020004
3120220120020005
3120220120020006
3120220120020007
3120220120030001
3120220120030002
3120220120030003
3120220120030004
3120220120030005
3120220120030006
3120220120030007
3120220129010001
3120220129010002
3120220129010003
3120220129010004
3120220129010005
3120220129010006
3120220129010007
3120220129010008
3120220129010009
3120220129010010
3120220129010011
3120220129010012
3120220129020001
3120220129020002
3120220129020003
3120220129020004
3120220129020005
3120220129020006
3120220129020007
3120220129020008
3120220129020009
3120220129020010
3120220129020011
3120220129020012
3120220129030001
3120220129030002
3120220129030003
3120220129030004
3120220129030005
3120220129030006
3120220129030007
3120220129030008
3120220129030009
3120220129030010
3120220129030011
3120220129030012
3420220117010001
3420220117010002
3420220117010003
3420220117010004
3420220117010005
3420220117010006
3420220117010007
3420220117010008
3420220117010009
3420220117020001
3420220117020002
3420220117020003
3420220117020004
3420220117020005
3420220117020006
3420220117020007
3420220117020008
3420220117020009
3420220117030001
3420220117030002
3420220117030003
3420220117030004
3420220117030005
3420220117030006
3420220117030007
3420220117030008
3420220117030009
3420220126010001
3420220126010002
3420220126010003
3420220126010004
3420220126010005
3420220126010006
3420220126010007
3420220126010008
3420220126010009
3420220126010010
3420220126010011
3420220126010012
3420220126020001
3420220126020002
3420220126020003
3420220126020004
3420220126020005
3420220126020006
3420220126020007
3420220126020008
3420220126020009
3420220126020010
3420220126020011
3420220126020012
3420220126030001
3420220126030002
3420220126030003
3420220126030004
3420220126030005
3420220126030006
3420220126030007
3420220126030008
3420220126030009
3420220126030010
3420220126030011
3420220126030012
3520220108010001
3520220108010002
3520220108010003
3520220108010004
3520220108010005
3520220108010006
3520220108010007
3520220108010008
3520220108010009
3520220108010010
3520220108010011
3520220108010012
3520220108020001
3520220108020002
3520220108020003
3520220108020004
3520220108020005
3520220108020006
3520220108020007
3520220108020008
3520220108020009
3520220108020010
3520220108020011
3520220108020012
3520220108030001
3520220108030002
3520220108030003
3520220108030004
3520220108030005
3520220108030006
3520220108030007
3520220108030008
3520220108030009
3520220108030010
3520220108030011
3520220108030012
3620220102010001
3620220102010002
3620220102010003
3620220102010004
3620220102010005
3620220102010006
3620220102010007
3620220102020001
3620220102020002
3620220102020003
3620220102020004
3620220102020005
3620220102020006
3620220102020007
3620220102030001
3620220102030002
3620220102030003
3620220102030004
3620220102030005
3620220102030006
3620220102030007
3620220119010001
3620220119010002
3620220119010003
3620220119010004
3620220119010005
3620220119010006
3620220119010007
3620220119010008
3620220119010009
3620220119010010
3620220119010011
3620220119010012
3620220119020001
3620220119020002
3620220119020003
3620220119020004
3620220119020005
3620220119020006
3620220119020007
3620220119020008
3620220119020009
3620220119020010
3620220119020011
3620220119020012
3620220119030001
3620220119030002
3620220119030003
3620220119030004
3620220119030005
3620220119030006
3620220119030007
3620220119030008
3620220119030009
3620220119030010
3620220119030011
3620220119030012
3620220123010001
3620220123010002
3620220123010003
3620220123010004
3620220123010005
3620220123010006
3620220123010007
3620220123020001
3620220123020002
3620220123020003
3620220123020004
3620220123020005
3620220123020006
3620220123020007
3620220123030001
3620220123030002
3620220123030003
3620220123030004
3620220123030005
3620220123030006
3620220123030007
3720220101010001
3720220101010002
3720220101010003
3720220101010004
3720220101010005
3720220101010006
3720220101010007
3720220101010008
3720220101010009
3720220101010010
3720220101010011
3720220101010012
3720220101020001
3720220101020002
3720220101020003
3720220101020004
3720220101020005
3720220101020006
3720220101020007
3720220101020008
3720220101020009
3720220101020010
3720220101020011
3720220101020012
3720220101030001
3720220101030002
3720220101030003
3720220101030004
3720220101030005
3720220101030006
3720220101030007
3720220101030008
3720220101030009
3720220101030010
3720220101030011
3720220101030012
3720220114010001
3720220114010002
3720220114010003
3720220114010004
3720220114010005
3720220114010006
3720220114010007
3720220114010008
3720220114010009
3720220114020001
3720220114020002
3720220114020003
3720220114020004
3720220114020005
3720220114020006
3720220114020007
3720220114020008
3720220114020009
3720220114030001
3720220114030002
3720220114030003
3720220114030004
3720220114030005
3720220114030006
3720220114030007
3720220114030008
3720220114030009
3720220123010001
3720220123010002
3720220123010003
3720220123010004
3720220123010005
3720220123010006
3720220123010007
3720220123010008
3720220123010009
3720220123020001
3720220123020002
3720220123020003
3720220123020004
3720220123020005
3720220123020006
3720220123020007
3720220123020008
3720220123020009
3720220123030001
3720220123030002
3720220123030003
3720220123030004
3720220123030005
3720220123030006
3720220123030007
3720220123030008
3720220123030009
3820220109010001
3820220109010002
3820220109010003
3820220109010004
3820220109010005
3820220109010006
3820220109010007
3820220109010008
3820220109010009
3820220109010010
3820220109010011
3820220109010012
3820220109020001
3820220109020002
3820220109020003
3820220109020004
3820220109020005
3820220109020006
3820220109020007
3820220109020008
3820220109020009
3820220109020010
3820220109020011
3820220109020012
3820220109030001
3820220109030002
3820220109030003
3820220109030004
3820220109030005
3820220109030006
3820220109030007
3820220109030008
3820220109030009
3820220109030010
3820220109030011
3820220109030012
3820220203010001
3820220203010002
3820220203010003
3820220203010004
3820220203010005
3820220203010006
3820220203010007
3820220203010008
3820220203010009
3820220203010010
3820220203010011
3820220203010012
3820220203020001
3820220203020002
3820220203020003
3820220203020004
3820220203020005
3820220203020006
3820220203020007
3820220203020008
3820220203020009
3820220203020010
3820220203020011
3820220203020012
4220220108010001
4220220108010002
4220220108010003
4220220108010004
4220220108010005
4220220108010006
4220220108010007
4220220108010008
4220220108010009
4220220108010010
4220220108010011
4220220108010012
4220220108020001
4220220108020002
4220220108020003
4220220108020004
4220220108020005
4220220108020006
4220220108020007
4220220108020008
4220220108020009
4220220108020010
4220220108020011
4220220108020012
4220220108030001
4220220108030002
4220220108030003
4220220108030004
4220220108030005
4220220108030006
4220220108030007
4220220108030008
4220220108030009
4220220108030010
4220220108030011
4220220108030012
4220220203010001
4220220203010002
4220220203010003
4220220203010004
4220220203010005
4220220203010006
4220220203010007
4220220203010008
4220220203010009
4220220203020001
4220220203020002
4220220203020003
4220220203020004
4220220203020005
4220220203020006
4220220203020007
4220220203020008
4220220203020009
4420220101010001
4420220101010002
4420220101010003
4420220101010004
4420220101010005
4420220101010006
4420220101010007
4420220101010008
4420220101010009
4420220101020001
4420220101020002
4420220101020003
4420220101020004
4420220101020005
4420220101020006
4420220101020007
4420220101020008
4420220101020009
4420220101030001
4420220101030002
4420220101030003
4420220101030004
4420220101030005
4420220101030006
4420220101030007
4420220101030008
4420220101030009
4420220107010001
4420220107010002
4420220107010003
4420220107010004
4420220107010005
4420220107010006
4420220107010007
4420220107010008
4420220107010009
4420220107020001
4420220107020002
4420220107020003
4420220107020004
4420220107020005
4420220107020006
4420220107020007
4420220107020008
4420220107020009
4420220107030001
4420220107030002
4420220107030003
4420220107030004
4420220107030005
4420220107030006
4420220107030007
4420220107030008
4420220107030009
4420220113010001
4420220113010002
4420220113010003
4420220113010004
4420220113010005
4420220113010006
4420220113010007
4420220113010008
4420220113010009
4420220113010010
4420220113010011
4420220113010012
4420220113020001
4420220113020002
4420220113020003
4420220113020004
4420220113020005
4420220113020006
4420220113020007
4420220113020008
4420220113020009
4420220113020010
4420220113020011
4420220113020012
4420220113030001
4420220113030002
4420220113030003
4420220113030004
4420220113030005
4420220113030006
4420220113030007
4420220113030008
4420220113030009
4420220113030010
4420220113030011
4420220113030012
4420220127010001
4420220127010002
4420220127010003
4420220127010004
4420220127010005
4420220127010006
4420220127010007
4420220127010008
4420220127010009
4420220127020001
4420220127020002
4420220127020003
4420220127020004
4420220127020005
4420220127020006
4420220127020007
4420220127020008
4420220127020009
4420220127030001
4420220127030002
4420220127030003
4420220127030004
4420220127030005
4420220127030006
4420220127030007
4420220127030008
4420220127030009
4420220201010001
4420220201010002
4420220201010003
4420220201010004
4420220201010005
4420220201010006
4420220201010007
4420220201010008
4420220201010009
4420220201010010
4420220201010011
4420220201010012
4420220201020001
4420220201020002
4420220201020003
4420220201020004
4420220201020005
4420220201020006
4420220201020007
4420220201020008
4420220201020009
4420220201020010
4420220201020011
4420220201020012
4420220201030001
4420220201030002
4420220201030003
4420220201030004
4420220201030005
4420220201030006
4420220201030007
4420220201030008
4420220201030009
4420220201030010
4420220201030011
4420220201030012
4520220120010001
4520220120010002
4520220120010003
4520220120010004
4520220120010005
4520220120010006
4520220120010007
4520220120010008
4520220120010009
4520220120010010
4520220120010011
4520220120010012
4520220120020001
4520220120020002
4520220120020003
4520220120020004
4520220120020005
4520220120020006
4520220120020007
4520220120020008
4520220120020009
4520220120020010
4520220120020011
4520220120020012
4520220120030001
4520220120030002
4520220120030003
4520220120030004
4520220120030005
4520220120030006
4520220120030007
4520220120030008
4520220120030009
4520220120030010
4520220120030011
4520220120030012
4520220120040001
4520220120040002
4520220120040003
4520220120040004
4520220120040005
4520220120040006
4520220120040007
4520220120040008
4520220120040009
4520220120040010
4520220120040011
4520220120040012
4720220101010001
4720220101010002
4720220101010003
4720220101010004
4720220101010005
4720220101010006
4720220101010007
4720220101010008
4720220101010009
4720220101010010
4720220101010011
4720220101010012
4720220101020001
4720220101020002
4720220101020003
4720220101020004
4720220101020005
4720220101020006
4720220101020007
4720220101020008
4720220101020009
4720220101020010
4720220101020011
4720220101020012
4720220101030001
4720220101030002
4720220101030003
4720220101030004
4720220101030005
4720220101030006
4720220101030007
4720220101030008
4720220101030009
4720220101030010
4720220101030011
4720220101030012
4820220104010001
4820220104010002
4820220104010003
4820220104010004
4820220104010005
4820220104010006
4820220104010007
4820220104010008
4820220104010009
4820220104010010
4820220104010011
4820220104010012
4820220104020001
4820220104020002
4820220104020003
4820220104020004
4820220104020005
4820220104020006
4820220104020007
4820220104020008
4820220104020009
4820220104020010
4820220104020011
4820220104020012
4820220104030001
4820220104030002
4820220104030003
4820220104030004
4820220104030005
4820220104030006
4820220104030007
4820220104030008
4820220104030009
4820220104030010
4820220104030011
4820220104030012
4820220114010001
4820220114010002
4820220114010003
4820220114010004
4820220114010005
4820220114010006
4820220114010007
4820220114010008
4820220114010009
4820220114020001
4820220114020002
4820220114020003
4820220114020004
4820220114020005
4820220114020006
4820220114020007
4820220114020008
4820220114020009
4820220114030001
4820220114030002
4820220114030003
4820220114030004
4820220114030005
4820220114030006
4820220114030007
4820220114030008
4820220114030009
4820220130010001
4820220130010002
4820220130010003
4820220130010004
4820220130010005
4820220130010006
4820220130010007
4820220130010008
4820220130010009
4820220130010010
4820220130010011
4820220130010012
4820220130020001
4820220130020002
4820220130020003
4820220130020004
4820220130020005
4820220130020006
4820220130020007
4820220130020008
4820220130020009
4820220130020010
4820220130020011
4820220130020012
4820220130030001
4820220130030002
4820220130030003
4820220130030004
4820220130030005
4820220130030006
4820220130030007
4820220130030008
4820220130030009
4820220130030010
4820220130030011
5320220117010001
5320220117010002
5320220117010003
5320220117010004
5320220117010005
5320220117010006
5320220117010007
5320220117010008
5320220117010009
5320220117010010
5320220117010011
5320220117010012
5320220117020001
5320220117020002
5320220117020003
5320220117020004
5320220117020005
5320220117020006
5320220117020007
5320220117020008
5320220117020009
5320220117020010
5320220117020011
5320220117020012
5320220117030001
5320220117030002
5320220117030003
5320220117030004
5320220117030005
5320220117030006
5320220117030007
5320220117030008
5320220117030009
5320220117030010
5320220117030011
5320220117030012
5320220130010001
5320220130010002
5320220130010003
5320220130010004
5320220130010005
5320220130010006
5320220130010007
5320220130010008
5320220130010009
5320220130020001
5320220130020002
5320220130020003
5320220130020004
5320220130020005
5320220130020006
5320220130020007
5320220130020008
5320220130020009
5320220130030001
5320220130030002
5320220130030003
5320220130030004
5320220130030005
5320220130030006
5320220130030007
5320220130030008
5320220130030009
5420220104010001
5420220104010002
5420220104010003
5420220104010004
5420220104010005
5420220104010006
5420220104010007
5420220104010008
5420220104010009
5420220104010010
5420220104010011
5420220104010012
5420220104020001
5420220104020002
5420220104020003
5420220104020004
5420220104020005
5420220104020006
5420220104020007
5420220104020008
5420220104020009
5420220104020010
5420220104020011
5420220104020012
5420220104030001
5420220104030002
5420220104030003
5420220104030004
5420220104030005
5420220104030006
5420220104030007
5420220104030008
5420220104030009
5420220104030010
5420220104030011
5420220124010001
5420220124010002
5420220124010003
5420220124010004
5420220124010005
5420220124010006
5420220124010007
5420220124010008
5420220124010009
5420220124010010
5420220124010011
5420220124010012
5420220124020001
5420220124020002
5420220124020003
5420220124020004
5420220124020005
5420220124020006
5420220124020007
5420220124020008
5420220124020009
5420220124020010
5420220124020011
5420220124020012
5420220124030001
5420220124030002
5420220124030003
5420220124030004
5420220124030005
5420220124030006
5420220124030007
5420220124030008
5420220124030009
5420220124030010
5420220124030011
5420220124030012
5420220202010001
5420220202010002
5420220202010003
5420220202010004
5420220202010005
5420220202010006
5420220202010007
5420220202010008
5420220202010009
5420220202020001
5420220202020002
5420220202020003
5420220202020004
5420220202020005
5420220202020006
5420220202020007
5420220202020008
5420220202020009
5420220202030001
5420220202030002
5420220202030003
5420220202030004
5420220202030005
5420220202030006
5420220202030007
5420220202030008
5420220202030009
5520220109010001
5520220109010002
5520220109010003
5520220109010004
5520220109010005
5520220109010006
5520220109010007
5520220109010008
5520220109010009
5520220109010010
5520220109010011
5520220109010012
5520220109020001
5520220109020002
5520220109020003
5520220109020004
5520220109020005
5520220109020006
5520220109020007
5520220109020008
5520220109020009
5520220109020010
5520220109020011
5520220109020012
5520220109030001
5520220109030002
5520220109030003
5520220109030004
5520220109030005
5520220109030006
5520220109030007
5520220109030008
5520220109030009
5520220109030010
5520220109030011
5520220109030012
5520220109040001
5520220109040002
5520220109040003
5520220109040004
5520220109040005
5520220109040006
5520220109040007
5520220109040008
5520220109040009
5520220109040010
5520220109040011
5520220109040012
5520220124010001
5520220124010002
5520220124010003
5520220124010004
5520220124010005
5520220124010006
5520220124010007
5520220124010008
5520220124010009
5520220124010010
5520220124010011
5520220124010012
5520220124020001
5520220124020002
5520220124020003
5520220124020004
5520220124020005
5520220124020006
5520220124020007
5520220124020008
5520220124020009
5520220124020010
5520220124020011
5520220124020012
5520220124030001
5520220124030002
5520220124030003
5520220124030004
5520220124030005
5520220124030006
5520220124030007
5520220124030008
5520220124030009
5520220124030010
5520220124030011
5520220124030012
5620211231020001
5620211231020002
5620211231020003
5620211231020004
5620211231020005
5620211231020006
5620211231020007
5620211231020008
5620211231020009
5620211231020010
5620211231020011
5620211231020012
5620211231030001
5620211231030002
5620211231030003
5620211231030004
5620211231030005
5620211231030006
5620211231030007
5620211231030008
5620211231030009
5620211231030010
5620211231030011
5620211231030012
5620220114010001
5620220114010002
5620220114010003
5620220114010004
5620220114010005
5620220114010006
5620220114010007
5620220114010008
5620220114010009
5620220114010010
5620220114010011
5620220114010012
5620220114020001
5620220114020002
5620220114020003
5620220114020004
5620220114020005
5620220114020006
5620220114020007
5620220114020008
5620220114020009
5620220114020010
5620220114020011
5620220114020012
6220211230030001
6220211230030002
6220211230030003
6220211230030004
6220211230030005
6220211230030006
6220211230030007
6220220105010001
6220220105010002
6220220105010003
6220220105010004
6220220105010005
6220220105010006
6220220105010007
6220220105020001
6220220105020002
6220220105020003
6220220105020004
6220220105020005
6220220105020006
6220220105020007
6220220105030001
6220220105030002
6220220105030003
6220220105030004
6220220105030005
6220220105030006
6220220105030007
6220220131010001
6220220131010002
6220220131010003
6220220131010004
6220220131010005
6220220131010006
6220220131010007
6220220131010008
6220220131010009
6220220131010010
6220220131010011
6220220131010012
6220220131020001
6220220131020002
6220220131020003
6220220131020004
6220220131020005
6220220131020006
6220220131020007
6220220131020008
6220220131020009
6220220131020010
6220220131020011
6220220131020012
6220220131030001
6220220131030002
6220220131030003
6220220131030004
6220220131030005
6220220131030006
6220220131030007
6220220131030008
6220220131030009
6220220131030010
6220220131030011
6220220131030012
6320220117010001
6320220117010002
6320220117010003
6320220117010004
6320220117010005
6320220117010006
6320220117010007
6320220117020001
6320220117020002
6320220117020003
6320220117020004
6320220117020005
6320220117020006
6320220117020007
6320220117030001
6320220117030002
6320220117030003
6320220117030004
6320220117030005
6320220117030006
6320220117030007
7120220101010001
7120220101010002
7120220101010003
7120220101010004
7120220101010005
7120220101010006
7120220101010007
7120220101010008
7120220101010009
7120220101010010
7120220101010011
7120220101010012
7120220101020001
7120220101020002
7120220101020003
7120220101020004
7120220101020005
7120220101020006
7120220101020007
7120220101020008
7120220101020009
7120220101020010
7120220101020011
7120220101020012
7120220101030001
7120220101030002
7120220101030003
7120220101030004
7120220101030005
7120220101030006
7120220101030007
7120220101030008
7120220101030009
7120220101030010
7120220101030011
7120220101030012
7120220108010001
7120220108010002
7120220108010003
7120220108010004
7120220108010005
7120220108010006
7120220108010007
7120220108010008
7120220108010009
7120220108010010
7120220108010011
7120220108010012
7120220108020001
7120220108020002
7120220108020003
7120220108020004
7120220108020005
7120220108020006
7120220108020007
7120220108020008
7120220108020009
7120220108020010
7120220108020011
7120220108020012
7120220108030001
7120220108030002
7120220108030003
7120220108030004
7120220108030005
7120220108030006
7120220108030007
7120220108030008
7120220108030009
7120220108030010
7120220108030011
7120220108030012
7120220127010001
7120220127010002
7120220127010003
7120220127010004
7120220127010005
7120220127010006
7120220127010007
7120220127010008
7120220127010009
7120220127010010
7120220127010011
7120220127010012
7120220127020001
7120220127020002
7120220127020003
7120220127020004
7120220127020005
7120220127020006
7120220127020007
7120220127020008
7120220127020009
7120220127020010
7120220127020011
7120220127020012
7120220127030001
7120220127030002
7120220127030003
7120220127030004
7120220127030005
7120220127030006
7120220127030007
7120220127030008
7120220127030009
7120220127030010
7120220127030011
7120220127030012
7120220127040001
7120220127040002
7120220127040003
7120220127040004
7120220127040005
7120220127040006
7120220127040007
7120220127040008
7120220127040009
7120220127040010
7120220127040011
7120220127040012
7120220204010001
7120220204010002
7120220204010003
7120220204010004
7120220204010005
7120220204010006
7120220204010007
7320220111010001
7320220111010002
7320220111010003
7320220111010004
7320220111010005
7320220111010006
7320220111010007
7320220111010008
7320220111010009
7320220111010010
7320220111010011
7320220111010012
7320220111020001
7320220111020002
7320220111020003
7320220111020004
7320220111020005
7320220111020006
7320220111020007
7320220111020008
7320220111020009
7320220111020010
7320220111020011
7320220111020012
7320220111030001
7320220111030002
7320220111030003
7320220111030004
7320220111030005
7320220111030006
7320220111030007
7320220111030008
7320220111030009
7320220111030010
7320220111030011
7320220111030012
7420220104010001
7420220104010002
7420220104010003
7420220104010004
7420220104010005
7420220104010006
7420220104010007
7420220104010008
7420220104010009
7420220104020001
7420220104020002
7420220104020003
7420220104020004
7420220104020005
7420220104020006
7420220104020007
7420220104020008
7420220104020009
7420220104030001
7420220104030002
7420220104030003
7420220104030004
7420220104030005
7420220104030006
7420220104030007
7420220104030008
7420220104030009
7420220120010001
7420220120010002
7420220120010003
7420220120010004
7420220120010005
7420220120010006
7420220120010007
7420220120010008
7420220120010009
7420220120020001
7420220120020002
7420220120020003
7420220120020004
7420220120020005
7420220120020006
7420220120020007
7420220120020008
7420220120020009
7420220120030001
7420220120030002
7420220120030003
7420220120030004
7420220120030005
7420220120030006
7420220120030007
7420220120030008
7420220120030009
7420220201010001
7420220201010002
7420220201010003
7420220201010004
7420220201010005
7420220201010006
7420220201010007
7420220201020001
7420220201020002
7420220201020003
7420220201020004
7420220201020005
7420220201020006
7420220201020007
7420220201030001
7420220201030002
7420220201030003
7420220201030004
7420220201030005
7420220201030006
7420220201030007
7520220106010001
7520220106010002
7520220106010003
7520220106010004
7520220106010005
7520220106010006
7520220106010007
7520220106010008
7520220106010009
7520220106010010
7520220106010011
7520220106010012
7520220106020001
7520220106020002
7520220106020003
7520220106020004
7520220106020005
7520220106020006
7520220106020007
7520220106020008
7520220106020009
7520220106020010
7520220106020011
7520220106020012
7520220106030001
7520220106030002
7520220106030003
7520220106030004
7520220106030005
7520220106030006
7520220106030007
7520220106030008
7520220106030009
7520220106030010
7520220106030011
7520220106030012
7520220112010001
7520220112010002
7520220112010003
7520220112010004
7520220112010005
7520220112010006
7520220112010007
7520220112010008
7520220112010009
7520220112010010
7520220112010011
7520220112010012
7520220112020001
7520220112020002
7520220112020003
7520220112020004
7520220112020005
7520220112020006
7520220112020007
7520220112020008
7520220112020009
7520220112020010
7520220112020011
7520220112020012
7520220112030001
7520220112030002
7520220112030003
7520220112030004
7520220112030005
7520220112030006
7520220112030007
7520220112030008
7520220112030009
7520220112030010
7520220112030011
7520220112030012
7520220124010001
7520220124010002
7520220124010003
7520220124010004
7520220124010005
7520220124010006
7520220124010007
7520220124010008
7520220124010009
7520220124010010
7520220124010011
7520220124010012
7520220124020001
7520220124020002
7520220124020003
7520220124020004
7520220124020005
7520220124020006
7520220124020007
7520220124020008
7520220124020009
7520220124020010
7520220124020011
7520220124020012
7520220124030001
7520220124030002
7520220124030003
7520220124030004
7520220124030005
7520220124030006
7520220124030007
7520220124030008
7520220124030009
7520220124030010
7520220124030011
7520220124030012
7520220203010001
7520220203010002
7520220203010003
7520220203010004
7520220203010005
7520220203010006
7520220203010007
7520220203010008
7520220203010009
7520220203010010
7520220203010011
7520220203010012
8120220104010001
8120220104010002
8120220104010003
8120220104010004
8120220104010005
8120220104010006
8120220104010007
8120220104010008
8120220104010009
8120220104020001
8120220104020002
8120220104020003
8120220104020004
8120220104020005
8120220104020006
8120220104020007
8120220104020008
8120220104020009
8120220104030001
8120220104030002
8120220104030003
8120220104030004
8120220104030005
8120220104030006
8120220104030007
8120220104030008
8120220104030009
8120220110010001
8120220110010002
8120220110010003
8120220110010004
8120220110010005
8120220110010006
8120220110010007
8120220110010008
8120220110010009
8120220110020001
8120220110020002
8120220110020003
8120220110020004
8120220110020005
8120220110020006
8120220110020007
8120220110020008
8120220110020009
8120220110030001
8120220110030002
8120220110030003
8120220110030004
8120220110030005
8120220110030006
8120220110030007
8120220110030008
8120220110030009
8120220114010001
8120220114010002
8120220114010003
8120220114010004
8120220114010005
8120220114010006
8120220114010007
8120220114010008
8120220114010009
8120220114010010
8120220114010011
8120220114010012
8120220114020001
8120220114020002
8120220114020003
8120220114020004
8120220114020005
8120220114020006
8120220114020007
8120220114020008
8120220114020009
8120220114020010
8120220114020011
8120220114020012
8120220114030001
8120220114030002
8120220114030003
8120220114030004
8120220114030005
8120220114030006
8120220114030007
8120220114030008
8120220114030009
8120220114030010
8120220114030011
8120220114030012
8120220120010001
8120220120010002
8120220120010003
8120220120010004
8120220120010005
8120220120010006
8120220120010007
8120220120010008
8120220120010009
8120220120020001
8120220120020002
8120220120020003
8120220120020004
8120220120020005
8120220120020006
8120220120020007
8120220120020008
8120220120020009
8120220120030001
8120220120030002
8120220120030003
8120220120030004
8120220120030005
8120220120030006
8120220120030007
8120220120030008
8120220120030009
8120220127010001
8120220127010002
8120220127010003
8120220127010004
8120220127010005
8120220127010006
8120220127010007
8120220127010008
8120220127010009
8120220127020001
8120220127020002
8120220127020003
8120220127020004
8120220127020005
8120220127020006
8120220127020007
8120220127020008
8120220127020009
8120220127030001
8120220127030002
8120220127030003
8120220127030004
8120220127030005
8120220127030006
8120220127030007
8120220127030008
8120220127030009
8120220201010001
8120220201010002
8120220201010003
8120220201010004
8120220201010005
8120220201010006
8120220201010007
8120220201010008
8120220201010009
8120220201010010
8120220201010011
8120220201010012
8120220201020001
8120220201020002
8120220201020003
8120220201020004
8120220201020005
8120220201020006
8120220201020007
8120220201020008
8120220201020009
8120220201020010
8120220201020011
8120220201020012
8120220201030001
8120220201030002
8120220201030003
8120220201030004
8120220201030005
8120220201030006
8120220201030007
8120220201030008
8120220201030009
8120220201030010
8120220201030011
8120220201030012
8320220116010001
8320220116010002
8320220116010003
8320220116010004
8320220116010005
8320220116010006
8320220116010007
8320220116010008
8320220116010009
8320220116010010
8320220116010011
8320220116010012
8320220116020001
8320220116020002
8320220116020003
8320220116020004
8320220116020005
8320220116020006
8320220116020007
8320220116020008
8320220116020009
8320220116020010
8320220116020011
8320220116020012
8320220116030001
8320220116030002
8320220116030003
8320220116030004
8320220116030005
8320220116030006
8320220116030007
8320220116030008
8320220116030009
8320220116030010
8320220116030011
8320220116030012
8320220127010001
8320220127010002
8320220127010003
8320220127010004
8320220127010005
8320220127010006
8320220127010007
8320220127010008
8320220127010009
8320220127010010
8320220127010011
8320220127010012
8520220107010001
8520220107010002
8520220107010003
8520220107010004
8520220107010005
8520220107010006
8520220107010007
8520220107010008
8520220107010009
8520220107010010
8520220107010011
8520220107010012
8520220107020001
8520220107020002
8520220107020003
8520220107020004
8520220107020005
8520220107020006
8520220107020007
8520220107020008
8520220107020009
8520220107020010
8520220107020011
8520220107020012
8520220107030001
8520220107030002
8520220107030003
8520220107030004
8520220107030005
8520220107030006
8520220107030007
8520220107030008
8520220107030009
8520220107030010
8520220107030011
8520220107030012
8620220101010001
8620220101010002
8620220101010003
8620220101010004
8620220101010005
8620220101010006
8620220101010007
8620220101010008
8620220101010009
8620220101020001
8620220101020002
8620220101020003
8620220101020004
8620220101020005
8620220101020006
8620220101020007
8620220101020008
8620220101020009
8620220101030001
8620220101030002
8620220101030003
8620220101030004
8620220101030005
8620220101030006
8620220101030007
8620220101030008
8620220101030009
8620220114010001
8620220114010002
8620220114010003
8620220114010004
8620220114010005
8620220114010006
8620220114010007
8620220114020001
8620220114020002
8620220114020003
8620220114020004
8620220114020005
8620220114020006
8620220114020007
8620220114030001
8620220114030002
8620220114030003
8620220114030004
8620220114030005
8620220114030006
8620220114030007
8620220122010001
8620220122010002
8620220122010003
8620220122010004
8620220122010005
8620220122010006
8620220122010007
8620220122010008
8620220122010009
8620220122010010
8620220122010011
8620220122010012
8620220122020001
8620220122020002
8620220122020003
8620220122020004
8620220122020005
8620220122020006
8620220122020007
8620220122020008
8620220122020009
8620220122020010
8620220122020011
8620220122020012
8620220129010001
8620220129010002
8620220129010003
8620220129010004
8620220129010005
8620220129010006
8620220129010007
8620220129020001
8620220129020002
8620220129020003
8620220129020004
8620220129020005
8620220129020006
8620220129020007
8620220129030001
8620220129030002
8620220129030003
8620220129030004
8620220129030005
8620220129030006
8620220129030007