============================================================
競輪 回収率分析レポート
============================================================

対象データ: 2024〜2025年（実行時点で収集済み）82,568レース
ベースライン回収率（全賭け）: 2560.1%

--- 本命競走得点別 ---
            レース数  本命1着率    平均配当  回収率(%)
score_bin                              
〜85        30928    0.4  2275.9   910.4
85-90      14035    0.4  2580.9  1032.4
90-95      12951    0.4  2469.0   987.6
95-100      6201    0.3  2664.3   799.3
100+       18227    0.4  3061.0  1224.4

--- 得点ギャップ別 ---
          レース数  本命1着率    平均配当  回収率(%)
gap_bin                              
〜2       44716    0.4  2623.2  1049.3
2-5      30058    0.4  2498.8   999.5
5-10      7449    0.5  2450.3  1225.2
10-20      332    0.5  2108.1  1054.0
20+         13    0.2  1915.4   383.1

--- 本命脚質別 ---
               レース数  本命1着率    平均配当  回収率(%)
honmei_style                              
両             21204    0.4  2542.2  1016.9
追             21118    0.2  2759.5   551.9
逃             40244    0.5  2464.8  1232.4

--- 出走人数別 ---
            レース数  本命1着率    平均配当  回収率(%)
n_players                              
5            959    0.5  1158.8   579.4
6           4225    0.5  1770.9   885.4
7          70028    0.4  2485.4   994.2
8            391    0.3  3401.3  1020.4
9           6869    0.3  3956.3  1186.9
10             8    0.4  2330.0   932.0
12            27    0.5  1407.8   703.9
14            61    0.4  2976.4  1190.6

--- 検証データ 二車連単 閾値別回収率 ---
   top_proba閾値   賭け件数   的中数  的中率(%)  回収率(%)
0         0.00  26519  4679    17.6    95.2
1         0.15  26358  4671    17.7    93.5
2         0.20  25837  4636    17.9    93.8
3         0.25  24551  4521    18.4    93.4
4         0.30  22334  4293    19.2    92.1
5         0.35  19550  3939    20.1    92.1
6         0.40  16050  3466    21.6    92.9

--- 検証データ 三連勝単 閾値別回収率 ---
   top_proba閾値   賭け件数   的中数  的中率(%)  回収率(%)
0         0.00  26516  1515     5.7   103.8
1         0.15  26355  1513     5.7   103.1
2         0.20  25834  1504     5.8   104.3
3         0.25  24549  1469     6.0    99.6
4         0.30  22332  1397     6.3   103.4
5         0.35  19548  1311     6.7   109.1
6         0.40  16048  1171     7.3   108.0

--- 最終戦略 検証データ結果 ---
   top_proba  top_score>=  gap>=  賭け件数  的中率(%)  回収率(%)
0        0.3          100      3  2014     6.1   112.9

--- ウォークフォワード 三連勝単 閾値別回収率 ---
   top_proba閾値   賭け件数   的中数  的中率(%)  回収率(%)
0         0.00  53461  3045     5.7   130.3
1         0.15  53127  3042     5.7   128.9
2         0.20  52042  3017     5.8   130.1
3         0.25  49566  2970     6.0   130.0
4         0.30  45284  2826     6.2   125.4
5         0.35  39738  2620     6.6   128.6
6         0.40  32617  2322     7.1   133.8

--- ウォークフォワード 月別回収率（条件フィルタあり） ---
      month   賭け件数   的中数  的中率(%)  回収率(%)
0   2024-01  312.0  20.0     6.4   110.2
1   2024-02  264.0  25.0     9.5   219.7
2   2024-03  196.0  14.0     7.1   105.9
3   2024-04  166.0   7.0     4.2    70.0
4   2024-05  126.0   4.0     3.2   175.6
5   2024-06  170.0  11.0     6.5    57.4
6   2024-07  279.0  10.0     3.6   118.2
7   2024-08  235.0   9.0     3.8    44.9
8   2024-09  197.0   7.0     3.6    24.7
9   2024-10  186.0   5.0     2.7    19.7
10  2024-11  193.0   9.0     4.7    64.2
11  2024-12  205.0  10.0     4.9   110.7
12  2025-01  295.0  14.0     4.7    68.5
13  2025-02  207.0  12.0     5.8   237.3
14  2025-03  218.0  12.0     5.5   160.3
15  2025-04  197.0  14.0     7.1   120.1
16  2025-05  173.0  10.0     5.8    77.7
17  2025-06  158.0   9.0     5.7   238.5
18  2025-07  339.0  12.0     3.5    37.7
19  2025-08  252.0  14.0     5.6    92.5
20  2025-09  271.0  16.0     5.9    97.1
21  2025-10  179.0  14.0     7.8   105.0
22  2025-11  143.0   8.0     5.6   101.5
23  2025-12  186.0  14.0     7.5    87.0

--- ウォークフォワード 月別回収率（全賭け） ---
      month    賭け件数    的中数  的中率(%)  回収率(%)
0   2024-01  2168.0  120.0     5.5   107.9
1   2024-02  2104.0  125.0     5.9   204.1
2   2024-03  2163.0  123.0     5.7   241.8
3   2024-04  2350.0  126.0     5.4   162.3
4   2024-05  2215.0  130.0     5.9   119.4
5   2024-06  2289.0  131.0     5.7    90.9
6   2024-07  2404.0  142.0     5.9   157.3
7   2024-08  2326.0  115.0     4.9    82.9
8   2024-09  2221.0  133.0     6.0   155.7
9   2024-10  2236.0  120.0     5.4   122.0
10  2024-11  2268.0  116.0     5.1   103.9
11  2024-12  2201.0  131.0     6.0   276.4
12  2025-01  2260.0  133.0     5.9   147.6
13  2025-02  1974.0  112.0     5.7    95.6
14  2025-03  2148.0  135.0     6.3    99.4
15  2025-04  2194.0  133.0     6.1   156.0
16  2025-05  2267.0  142.0     6.3    91.3
17  2025-06  2218.0  119.0     5.4    93.3
18  2025-07  2427.0  131.0     5.4    75.5
19  2025-08  2194.0  113.0     5.2   102.1
20  2025-09  2300.0  143.0     6.2   115.2
21  2025-10  2246.0  131.0     5.8    97.5
22  2025-11  2192.0  121.0     5.5    89.6
23  2025-12  2096.0  120.0     5.7   148.5

--- 赤字月パターン分析 ---
      month  avg_top_proba  avg_top_score  avg_score_gap  avg_san_payout  race_count  回収率(%)  的中率(%)     黒赤
0   2024-12           0.46          89.08           2.20        12265.06        2259   276.4     6.0   plus
1   2024-03           0.45          89.20           2.19        14034.31        2224   241.8     5.7   plus
2   2024-02           0.44          90.46           2.44        13727.51        2187   204.1     5.9   plus
3   2024-04           0.45          89.56           2.03        12291.37        2404   162.3     5.4   plus
4   2024-07           0.42          89.82           2.63        12577.98        2461   157.3     5.9   plus
5   2025-04           0.45          89.99           2.18        13749.71        2245   156.0     6.1   plus
6   2024-09           0.45          89.46           2.14        13207.49        2313   155.7     6.0   plus
7   2025-12           0.45          89.12           2.16        13183.47        2136   148.5     5.7   plus
8   2025-01           0.44          90.38           2.77        13533.16        2341   147.6     5.9   plus
9   2024-10           0.46          88.91           2.15        14726.01        2284   122.0     5.4   plus
10  2024-05           0.47          87.60           2.09        13123.39        2287   119.4     5.9   plus
11  2025-09           0.44          89.48           2.35        12929.68        2363   115.2     6.2   plus
12  2024-01           0.44          90.58           2.69        13992.20        2239   107.9     5.5   plus
13  2024-11           0.46          89.48           2.17        14253.25        2325   103.9     5.1   plus
14  2025-08           0.43          89.85           2.45        13403.28        2236   102.1     5.2   plus
15  2025-03           0.45          89.81           2.25        13190.02        2227    99.4     6.3  minus
16  2025-10           0.46          89.71           2.09        14035.70        2300    97.5     5.8  minus
17  2025-02           0.44          89.47           2.37        13315.82        2057    95.6     5.7  minus
18  2025-06           0.46          88.97           2.12        14002.35        2269    93.3     5.4  minus
19  2025-05           0.46          88.68           2.25        13030.34        2334    91.3     6.3  minus
20  2024-06           0.45          89.48           2.06        13514.40        2341    90.9     5.7  minus
21  2025-11           0.46          88.55           2.11        13313.94        2240    89.6     5.5  minus
22  2024-08           0.44          89.43           2.32        14224.82        2392    82.9     4.9  minus
23  2025-07           0.43          90.31           2.81        14292.69        2493    75.5     5.4  minus

--- 三連複 月別回収率（近似） ---
      month    賭け件数    的中数  的中率(%)  回収率(%)
0   2024-01  2168.0  395.0    18.2   118.4
1   2024-02  2104.0  338.0    16.1   145.4
2   2024-03  2163.0  397.0    18.4   162.2
3   2024-04  2350.0  418.0    17.8   159.7
4   2024-05  2215.0  397.0    17.9   199.2
5   2024-06  2289.0  424.0    18.5   307.2
6   2024-07  2404.0  408.0    17.0   162.5
7   2024-08  2326.0  419.0    18.0   206.0
8   2024-09  2221.0  412.0    18.6   147.7
9   2024-10  2236.0  388.0    17.4   109.6
10  2024-11  2268.0  400.0    17.6   116.7
11  2024-12  2201.0  416.0    18.9   173.6
12  2025-01  2260.0  386.0    17.1   136.5
13  2025-02  1974.0  347.0    17.6   107.8
14  2025-03  2148.0  391.0    18.2   106.4
15  2025-04  2194.0  399.0    18.2   162.0
16  2025-05  2267.0  427.0    18.8   144.2
17  2025-06  2218.0  395.0    17.8   132.5
18  2025-07  2427.0  438.0    18.0   174.7
19  2025-08  2194.0  362.0    16.5   129.8
20  2025-09  2300.0  407.0    17.7   140.7
21  2025-10  2246.0  394.0    17.5   133.0
22  2025-11  2192.0  380.0    17.3   134.8
23  2025-12  2096.0  379.0    18.1   147.9

--- 組み合わせ戦略 月別回収率 ---
      month  賭け件数×2  回収率(%)
0   2024-01  4336.0   113.2
1   2024-02  4208.0   174.8
2   2024-03  4326.0   202.0
3   2024-04  4700.0   161.0
4   2024-05  4430.0   159.3
5   2024-06  4578.0   199.1
6   2024-07  4808.0   159.9
7   2024-08  4652.0   144.5
8   2024-09  4442.0   151.7
9   2024-10  4472.0   115.8
10  2024-11  4536.0   110.3
11  2024-12  4402.0   225.0
12  2025-01  4520.0   142.1
13  2025-02  3948.0   101.7
14  2025-03  4296.0   102.9
15  2025-04  4388.0   159.0
16  2025-05  4534.0   117.7
17  2025-06  4436.0   112.9
18  2025-07  4854.0   125.1
19  2025-08  4388.0   115.9
20  2025-09  4600.0   127.9
21  2025-10  4492.0   115.3
22  2025-11  4384.0   112.2
23  2025-12  4192.0   148.2

